1.017998183748664474e+02 -5.300022602720740679e+02 2.668135052164437298e+02
7.964854061975954380e+01 -5.403848592664930948e+02 2.560406559709977046e+02
5.499631756747859868e+01 -5.592671029046839521e+02 2.269259255228087966e+02
1.872249095802693830e+01 -5.783258501293360041e+02 1.839741274110411098e+02
-1.292339434248376584e+01 -5.914588681596061406e+02 1.557001313042104584e+02
-2.270697526086747686e+01 -5.857178095253199217e+02 1.723175733968086263e+02
-1.898876788477945965e+01 -5.795492847554760374e+02 1.832867804527242583e+02
5.262287974137914937e+00 -5.720707804552836251e+02 2.024552885616733420e+02
1.650396464212075287e+01 -5.615966849459829291e+02 2.281214149702927898e+02
5.512557937951889642e+01 -4.900994364756296591e+02 3.570597341725327851e+02
6.746754545192140995e+01 -4.223130518939772742e+02 4.268930330112054321e+02
3.667305965407287971e+01 -3.477123862898796460e+02 4.903310299456313146e+02
1.991256596927874867e+01 -3.360189148200809086e+02 5.003678291110899750e+02
-1.800721091009706498e+01 -2.910656057329567830e+02 5.292651651360027927e+02
-1.379390889937732645e+01 -2.661758457292805247e+02 5.398217166810527488e+02
-6.793780297023431558e+01 -2.055726413552636131e+02 5.601241198046056979e+02
-7.882587535921707911e+01 -1.899543813201744626e+02 5.654063087668654362e+02
-1.248719191631467282e+02 -1.664249511812294031e+02 5.651512280094959806e+02
-1.425149288728373733e+02 -1.541585048911321678e+02 5.594196941646245023e+02
-1.297556530290549404e+02 -1.176598881965859960e+02 5.696738327342341108e+02
-1.414762813914418302e+02 -9.468452391779261745e+01 5.683099261658645673e+02
-1.532145692291411763e+02 -4.139218629860437204e+01 5.746263357939719754e+02
-1.712096960741961595e+02 -3.225189355113183609e+00 5.683297560175408307e+02
-1.937953662880641730e+02 3.564781739670803518e+01 5.620436446672467810e+02
-2.750604315840977847e+02 8.452288902621467059e+01 5.206399871461433122e+02
-3.086442445684444351e+02 7.952596489536432500e+01 5.061053782788305853e+02
-3.215734421212094958e+02 5.914110260817723486e+01 5.084788849103515531e+02
-3.235466740599459285e+02 6.067085590833411857e+01 5.066023295602329881e+02
-3.308095862742760573e+02 8.423835656252026638e+01 5.014918675280285925e+02
-3.381439872382399017e+02 8.549496427309317426e+01 4.968702562170367969e+02
-3.736642558207225875e+02 1.130051252724677937e+02 4.640199320734648722e+02
-3.897083010247099537e+02 1.584611982229507987e+02 4.380835654908510719e+02
-4.187115067278342053e+02 2.471407963783913146e+02 3.649188884299084066e+02
-4.335777814782629775e+02 2.836086120487854032e+02 3.178492494279554990e+02
-4.958745986516347557e+02 2.824867077815472385e+02 1.958478633050501685e+02
-4.690460411356219765e+02 3.299247582211100962e+02 1.992933216779194652e+02
-4.515855898115352147e+02 3.852345055768474253e+02 9.785656777518579474e+01
-4.190787469379296795e+02 4.218861575796855163e+02 1.200481881207540340e+02
-3.553094816702682692e+02 4.179536575883051910e+02 2.467874349650389263e+02
-3.451097148027068897e+02 3.660047297163603730e+02 3.275981067166600837e+02
-3.314235183819846497e+02 1.981973087570361258e+02 4.600620785441304292e+02
-2.977532129501259419e+02 1.402716022888641305e+02 4.991513562401134436e+02
-2.223710373760408459e+02 8.734475007682220848e+01 5.499479847572267772e+02
-2.102992018717828273e+02 6.898899571262147390e+01 5.521358761851353165e+02
-1.734883624737661592e+02 4.182866469588120140e-01 5.766067976047087313e+02
-1.484187998964449378e+02 -5.160560991503057693e+01 5.776041647563407651e+02
-4.065033531432308678e+01 -1.551179080262186005e+02 5.792617159774582660e+02
6.589305454018187902e+01 -2.015095280784826741e+02 5.602064663918542919e+02
3.623598209725779498e+02 -2.393881642246400361e+02 4.082434490074102769e+02
5.190038792798023906e+02 -1.678472942702382795e+02 2.194446173594442939e+02
5.814869150615617173e+02 -1.008536450907769790e+02 3.962104654260072323e+01
5.655244192625266351e+02 3.682616756645923317e+01 -1.793182970965546019e+02
5.340986596670718427e+02 1.150476164047319116e+02 -2.429692921999247517e+02
3.709187155622531122e+02 2.376373044932276741e+02 -4.134645471829650205e+02
3.180001548593183998e+02 2.745636353807641399e+02 -4.352975095103906824e+02
3.220881094546340933e+02 3.589952107169243618e+02 -3.694904227542116359e+02
3.804148106135039598e+02 3.872428319738937716e+02 -2.721651839445738119e+02
4.183382432492108478e+02 4.375552000758643771e+02 -5.283000985093320878e+01
3.808409036210346130e+02 4.759952074487507616e+02 3.925062657000612631e+01
3.272523037757939619e+02 4.891685916117332340e+02 1.579342140997895854e+02
2.800353921735153904e+02 4.974168814137578920e+02 2.071568196432873208e+02
2.460202947280451156e+02 4.199475988923668979e+02 3.527461004572002139e+02
1.942909574635557988e+02 3.658776742899033820e+02 4.302445318897540574e+02
5.419524916409659454e+01 2.887982293238297302e+02 5.152354811471309404e+02
-3.038051575165843232e+01 2.637479661056900113e+02 5.329494163786773697e+02
-1.734651324410687323e+02 2.082404205305202538e+02 5.340455905954986520e+02
-2.192972573925795245e+02 1.765710904214606387e+02 5.331435462796982847e+02
-2.539783410446894152e+02 1.113890300206995505e+02 5.356935258508874540e+02
-3.236768157496077265e+02 7.726717998122366282e+01 5.016042037486814706e+02
-4.607969040511360959e+02 -8.199622438795000079e-01 3.946898208304697846e+02
-5.283752707037726850e+02 -8.048661739578867014e+01 2.976154306663395914e+02
-5.414693223552329755e+02 -7.560871672363133200e+01 2.790405022813812366e+02
-6.055300326982597880e+02 -3.304265503274151428e+01 3.093354797962967595e+01
-5.909148759696045090e+02 -3.125102506282527060e+00 -1.552248270314604497e+02
-5.393402278295747010e+02 5.488722984642202363e+01 -2.893620569432073353e+02
-6.081249649440226221e+02 3.037694905380052290e+01 -3.997304931801998862e+01
-3.977944102749960962e+02 1.249020426044989129e+01 4.543043993282112183e+02
-2.766423284603556567e+02 5.743509539716242784e+00 5.334988703027000838e+02
-8.282986763009314757e+01 5.665684814125683033e+01 5.859888412959559219e+02
3.298315064539251296e+01 5.281463586988590464e+01 5.900544295382696873e+02
2.048223414142635761e+02 -1.135441982295659535e+01 5.534046397982070857e+02
2.649795405949719225e+02 -2.343644814790558684e+01 5.282975971875920322e+02
3.871534752353810518e+02 -5.377809402382731463e+01 4.364885615665286878e+02
4.672170433755703129e+02 -1.798386832465815388e+01 3.527404889938317751e+02
5.707412286881906311e+02 3.897582359285208753e+01 1.376748476154135972e+02
5.828835533253968606e+02 9.744403743244191674e+01 -4.816751060511705163e+01
4.604656318428574195e+02 1.481016285266937302e+02 -3.489669852834620656e+02
4.149858826670161420e+02 1.239755523366837480e+02 -4.121521499254031369e+02
3.898579852972929416e+02 1.691137258614714938e+02 -4.185610659224871597e+02
3.831284903469399978e+02 1.202737529041628477e+02 -4.406314269450529082e+02
2.631164926517647586e+02 1.175750190827260724e+02 -5.242610714847609188e+02
-2.953161468743475027e+01 7.997555846334198293e+01 -5.931722265206774409e+02
-1.514632439336701850e+02 5.837226734055261090e+01 -5.771769977050332727e+02
-3.737681453612119071e+02 8.814639065922915506e+01 -4.597582354977101886e+02
-4.596601821031611621e+02 1.162010301472505773e+02 -3.597600930690305745e+02
-5.593118037585845741e+02 1.745006825831000583e+02 -4.618529886022544417e+01
-5.511193743349898568e+02 1.756426413504633786e+02 7.890251367615442746e+01
-4.887312704398482310e+02 1.567874062782735507e+02 2.857072296504106816e+02
-4.267034445922715236e+02 2.091713901642206963e+02 3.389092531420531031e+02
-2.945840334396964977e+02 2.611864297601418912e+02 4.399329373967023002e+02
-1.825642917565844812e+02 2.717086974211123902e+02 4.974775189612428790e+02
1.330566481842312498e+02 1.228349344150694549e+02 5.582889931886627437e+02
2.246838627441358653e+02 2.689025598364578684e+01 5.459654610664173333e+02
3.936559120718079043e+02 -3.240481800497819620e+01 4.341297107315996300e+02
5.195572940111117077e+02 -7.500004871915153615e+01 2.554200856766209711e+02
4.369887611337726412e+02 -3.464946033454499457e+02 -2.082117235622675366e+02
1.113880694340253115e+02 -4.755775162307953110e+02 -3.518836112929907927e+02
-2.924647200319650153e+01 -4.988493860176123462e+02 -3.413088544251482972e+02
-1.824129277183732540e+02 -5.097058283341677907e+02 -2.855070215995179410e+02
-2.028958161497102424e+02 -5.042316784411107733e+02 -2.845840851728504504e+02
-2.341579350918646014e+02 -4.422001792205441575e+02 -3.580797090016645257e+02
-3.159429157933574857e+02 -3.909037764399095067e+02 -3.568866424392530234e+02
-5.360032710222840251e+02 -2.459717085041010591e+02 -1.706146507016300120e+02
-5.788692293651683940e+02 -2.108046859356024072e+02 -1.538894858019767931e+01
-5.667907788752436318e+02 -5.753086568211956120e+01 2.333596198898069076e+02
-5.143951519522131548e+02 5.699184026062214414e+00 3.299524923698793941e+02
-4.070539328668506300e+02 1.227193881436326279e+02 4.259845510302541811e+02
-3.645807218026126861e+02 1.591159647518674092e+02 4.444170538006230231e+02
-1.759726769415510432e+02 2.454575207301059265e+02 5.184112981811302916e+02
-1.439968248033448504e+02 2.415088174141308173e+02 5.257339980632193601e+02
-2.071423702817975254e+02 3.300538969287754867e+02 4.351501020454813329e+02
-1.934339434450634201e+02 4.245816851131900194e+02 3.375114679365152597e+02
5.404088374034957809e+01 5.697165651304233052e+02 8.169119636240341720e+01
3.171051971865439896e+02 4.959595395161978786e+02 5.400716607142523884e+01
2.528435029287457496e+02 3.358026035799395004e+02 4.277909718772764336e+02
-1.407716183766611380e+02 2.289815053535910181e+02 5.361881884714385933e+02
-3.078661541646135333e+02 1.111268744750608022e+02 5.054091529595712586e+02
-4.143086551397423705e+02 -1.283945563140607362e+02 4.185436386462361611e+02
-3.692707337786297899e+02 -2.201152031196982080e+02 4.277141409244179044e+02
-3.009845376928881251e+02 -3.023338342004280435e+02 4.309826983121474200e+02
-3.074430071395391337e+02 -3.231737437468487997e+02 4.138604338172700068e+02
-3.802715771381387526e+02 -3.069052268585151637e+02 3.582893102261562603e+02
-4.110699622746877822e+02 -3.333921280489772130e+02 2.987813352548254215e+02
-3.708595637881804237e+02 -4.247312171701758530e+02 1.939369193515662744e+02
-3.389590993760970719e+02 -4.572161779772926593e+02 1.722174449867984549e+02
-3.094156626525555680e+02 -4.288553281749839812e+02 2.557961929590763361e+02
-3.422129954342258316e+02 -3.745278341453633857e+02 2.992930420933519713e+02
-2.395271942060660422e+02 -2.972073430394549973e+02 4.555552030677986863e+02
-2.218138941342004955e+02 -2.504681680773219341e+02 4.924431944046309013e+02
1.788514252142151406e+01 -1.396032259100698525e+02 5.841541055461660790e+02
1.746998040066883391e+02 -9.289624556950009548e+01 5.701935999369837873e+02
3.593422229511817818e+02 -1.476552330623466389e+02 4.618784614816275962e+02
5.410085538951826720e+02 -2.421083284181831061e+02 1.078394018389555100e+02
4.741804377766815719e+02 -3.610208626549074893e+02 -1.024138528780270008e+02
2.110169595373959339e+02 -5.508914652471983118e+02 3.302374571819858318e+01
9.054521627408557549e+01 -5.777015510493001784e+02 5.932286820659555815e+01
1.867022279397590410e+02 -5.406082184289687120e+02 1.358445102216980445e+02
1.508496251361123655e+02 -5.571074540262198980e+02 1.252829487640334776e+02
2.651516540442591108e+01 -5.798420970900491511e+02 1.107220742097047719e+02
-4.841913054810454042e+01 -5.789167058045616159e+02 1.120521078731834308e+02
-1.284627166411088979e+02 -5.719403295551592237e+02 9.288222886063459782e+01
-3.829690459921417300e+01 -5.801905449449490106e+02 1.018246835914974753e+02
5.367459975162730501e+01 -5.800059285647181468e+02 9.295729742985324151e+01
1.488324258076001740e+02 -5.561110671984914688e+02 1.428875087437214120e+02
2.017617286349132257e+02 -5.318446865293610699e+02 1.596723159757323458e+02
2.160739226051202309e+02 -5.299554953303590992e+02 1.391538343133780700e+02
-6.014160972410281580e+00 -5.895038946990127897e+02 4.500312065426605557e+00
-1.886349503463207355e+01 -5.874762704287907127e+02 2.674279341486030859e+00
-6.076977445110690468e+01 -5.733898289793269214e+02 1.082924419365441082e+02
-8.037642791322963376e+01 -5.685648491169152976e+02 1.277667278492284453e+02
-1.703699060510769243e+02 -5.273337275377086826e+02 1.987593303836719372e+02
-4.178581252230045493e+02 -3.709467989567617110e+02 2.087856257443988568e+02
-5.024181101577540858e+02 -2.860369697531751854e+02 1.564135286904145232e+02
-5.846022686863000217e+02 -1.548857059348465270e+02 -1.009106211759124605e+01
-5.959319396411551679e+02 -8.718978976285606564e+01 -5.971855181161013348e+01
-5.498759439672763847e+02 1.224456746461906320e+01 2.484243945437228263e+02
-2.787579460524923434e+02 -2.207574356163556217e+01 5.322656497797153179e+02
2.571428983965858492e+02 -1.173157699066520792e+02 5.276158187810477784e+02
3.610800220350825498e+02 -1.767532769147589704e+02 4.430364936085002228e+02
3.831789572972926976e+02 -2.618678402535954319e+02 3.835861998803146662e+02
4.746678692553349492e+02 -2.958775263073865176e+02 2.132268953954634583e+02
3.908711837686130366e+02 -3.332796088040226437e+02 -3.018781225260271981e+02
2.675938961755315972e+02 -3.453809474567983671e+02 -4.093881891311749541e+02
9.177264851811031576e+01 -3.734463602693058988e+02 -4.541360303334788000e+02
-2.545985412145193649e+01 -3.882603764804484285e+02 -4.550038529040128878e+02
-2.461505287051068080e+02 -3.770863454715781131e+02 -3.955945701422492675e+02
-2.593337583351736839e+02 -3.245839920895651289e+02 -4.374621285820240928e+02
5.965090656788634149e+00 -1.371857113328683226e+02 -5.802744950103042356e+02
2.484145246035488981e+02 6.648632714931364873e+00 -5.495626868650272172e+02
4.629007335130392562e+02 3.208146577916392062e+02 -2.396551782721305415e+02
4.153569637951252957e+02 4.141411092971907237e+02 1.729857691575564900e+02
2.572823164024350149e+02 4.154028989504395213e+02 3.694698718954890637e+02
-1.247694262661998295e+02 5.334082474111639840e+02 2.661354561875466516e+02
-2.703134775074580602e+02 5.276984226610015867e+02 1.363607094154658625e+02
-2.959966694650090062e+02 5.254042141497926650e+02 -6.184433792553573284e+01
-2.650927499431278989e+02 5.070154173238333897e+02 -2.053174506929943277e+02
-1.384733879299967327e+02 4.433170346950014959e+02 -3.891317500668099001e+02
-9.976863304951612577e+01 3.780733226035860071e+02 -4.528192694845506594e+02
-3.807734421370540190e+01 2.639129958719994988e+02 -5.313264578826599518e+02
-4.230947469574736886e+01 1.715543629572298983e+02 -5.645105349832404045e+02
-2.505498887253165776e+02 1.693224287613287231e+02 -5.141491139953380980e+02
-3.905666582234501334e+02 2.124159182007034019e+02 -4.021221901828533873e+02
-5.669324477528374473e+02 1.875504885068816634e+02 7.594980893651469955e+01
-4.719860093395773220e+02 1.572652814655928921e+02 3.449368741652755830e+02
1.947717498046594287e+01 5.233637292743043190e+01 5.975580088920766002e+02
2.025936350661859535e+02 -9.268143974788642936e-01 5.708039188650758433e+02
6.099642571955860149e+01 -3.986362818077606107e+01 6.011962513632437322e+02
-3.172596134659133895e+02 4.563161366433014621e+01 5.059689698169212875e+02
-5.762741119577227664e+02 9.542095095056217247e+01 1.475523573727037387e+02
-5.683137141686968334e+02 7.413655090425302774e+01 -1.876383786815032124e+02
-5.003473945116716095e+02 3.929411561983445011e+01 -3.244708544318548320e+02
-3.385317531499724737e+02 -5.620385867812804292e+01 -4.883185525829462108e+02
-2.255607223392964045e+02 -9.448568071696678317e+01 -5.391091938656276170e+02
-3.625179514972439421e+01 -3.890135376123139110e+01 -5.877504181329651374e+02
-1.265891248653244539e+01 2.093701672162636385e+01 -5.901207893755039322e+02
8.944493870026141735e+01 2.002483005925242878e+02 -5.519762383337766778e+02
1.405879989272661135e+02 1.643409273283399727e+02 -5.570415812342002937e+02
2.552618875261646849e+02 3.256532343802622620e+01 -5.483145363647306567e+02
3.421241612438529955e+02 -4.043581984397583540e+01 -5.147582412573899546e+02
5.001044388421324243e+02 -7.265534195008393681e+01 -3.564102207920203682e+02
5.486981554293629415e+02 -1.234684127428314042e+02 -2.331944470354591772e+02
5.757237283567983468e+02 -1.612471140765206599e+02 9.011230111547946819e+01
5.534495300770767017e+02 -1.302335244217325965e+02 1.961761145650091862e+02
5.170309214015185262e+02 -1.038961918362797832e+01 3.105732146444091200e+02
5.388531272544871626e+02 -4.106737437792889978e+01 2.796000492315208135e+02
5.571188262964066098e+02 -1.591764003126041302e+02 -1.777611028098544352e+02
3.841693351080573962e+02 -1.011844741853544036e+02 -4.626749981051338523e+02
-6.143599277173177597e+01 1.734754420029829589e+02 -5.700072021413888024e+02
-2.899116033561280119e+02 2.778531936937710611e+02 -4.412074101871622247e+02
-4.060051600319405338e+02 4.007761371169897302e+02 -1.651116102893557525e+02
-4.008545579169136772e+02 4.352041706702935926e+02 -3.795403025908785821e+01
-2.095278094370907240e+02 5.603087202179755195e+02 2.034256278878854118e+01
2.610159852496911412e+02 4.824622539486827577e+02 2.168626720408746280e+02
3.648930881813768110e+02 3.463277707540302117e+02 3.156752357239550975e+02
3.883628655204827282e+02 1.727792911604197457e+02 4.315217654588272467e+02
4.090842349347608433e+02 5.752001006195391852e+01 4.506159631587800050e+02
4.701859245445290298e+02 -1.651921145650696587e+02 3.522380997543430681e+02
4.606997211314840115e+02 -3.023215145472300946e+02 2.690731142935288744e+02
4.238619514950539156e+02 -4.299799569610970593e+02 3.844566777469610486e+01
3.960069158961275662e+02 -4.393318282404317756e+02 -1.048934491382077283e+02
3.381468780185383025e+02 -4.401155801667669607e+02 -2.213646691393258550e+02
4.281239850539355984e+02 -4.168551691593552277e+02 -3.510697889757303614e+01
5.608312125794996916e+01 -1.197601496638930882e+02 5.881394856278660654e+02
-1.979027408383579996e+02 -3.666320808923204311e+01 5.673583459085157301e+02
-4.543692333413046640e+02 -3.232853654352817330e+01 3.944162261058986019e+02
-5.361569296897636150e+02 -5.157414158601751097e+01 2.719945875319705806e+02
-5.869862108308967663e+02 -7.292272734390967059e+01 1.383189009506657783e+02
-5.488174841802314177e+02 -1.326719733721664340e+02 2.182152851972491021e+02
-8.939712017201144079e+01 -2.740832998177947957e+02 5.246610260884581294e+02
1.044476555679441958e+02 -3.481713479795375861e+02 4.695620288376144345e+02
2.557303306590209786e+02 -4.172060877802899199e+02 3.413515294763913630e+02
1.712649542723877971e+02 -4.285611001343733619e+02 3.726715788745285636e+02
1.679117825985770551e+01 -3.985601816122325545e+02 4.442741916926551085e+02
-2.295090610348907489e+02 -3.793405251136044285e+02 3.979620731612450300e+02
-2.095873849256300616e+02 -3.952504474057736275e+02 3.954165654189486645e+02
1.784180554699499623e+02 -2.884485826398142194e+02 4.882330820451282989e+02
3.281289545718307750e+02 -2.558621952960104409e+02 4.301208273255193717e+02
5.195357645885477496e+02 -2.802512167334215292e+02 7.820128000216051589e+01
4.668262090869212670e+02 -2.778578503482193582e+02 -2.237894417340885411e+02
9.073901196909330835e+00 -1.024187499283891327e+02 -5.810531965955927944e+02
-1.502154123667927763e+02 -5.953474781985484299e+01 -5.662587963398924558e+02
-4.805287884852177882e+01 -5.361125552556490703e+01 -5.845804187305815276e+02
1.778862834130266890e+02 -1.909133394109480832e+02 -5.281513273367879719e+02
3.314017239128779693e+02 -2.830781235629416415e+02 4.195729247020991579e+02
1.511132170949031774e+02 -2.198987081220635389e+02 5.388043797212457093e+02
-1.461461853037009462e+02 1.125990980050992931e+02 5.712151233523401288e+02
-2.994070206803492624e+02 2.710696741317314604e+02 4.490148464956423027e+02
-3.246977827824572387e+02 4.327292109915558740e+02 2.639060604509014638e+02
6.657138580213666046e+01 5.485556040502397082e+02 2.248577638030920127e+02
2.802654091545657593e+02 5.063852735337752051e+02 1.364992514866377746e+02
3.599382182957851342e+02 4.204150920442763208e+02 -2.115868920384963587e+02
3.282782539866137768e+02 3.947551497086025734e+02 -2.961399216057795343e+02
2.336672724878796430e+02 2.800815019296836681e+02 -4.627551727169644096e+02
2.716519833629657796e+02 1.962971710364037392e+02 -4.889485486847997322e+02
5.682889557940691247e+02 1.928101536203249964e+02 6.571512118802634461e+01
4.685664221769432629e+02 2.164497776313003783e+02 3.170060275476560605e+02
1.555300059252854510e+02 3.174024021544396987e+02 4.880780522933964107e+02
-1.577729917262896819e+01 3.640297376311301605e+02 4.768994516138622544e+02
-3.008759625110321849e+02 3.797572126507519670e+02 3.483706171549112014e+02
-4.006761270322326709e+02 3.832026378384442751e+02 2.274081426883411723e+02
-4.700742796982012237e+02 3.498145138911633012e+02 1.228411349388559017e+02
-4.926742578073747723e+02 3.030984194520633537e+02 1.545859533583157202e+02
-4.390226237095417900e+02 1.358424984150420300e+02 3.841580987719929681e+02
-3.533001009057567217e+02 5.411575858848459575e+01 4.846633670869617845e+02
-1.233171957454603671e+02 -1.948344105326941929e+02 5.648373049041638296e+02
-5.106599606710061323e+01 -3.013313098090452513e+02 5.324579208951680585e+02
4.280875294999255232e+01 -4.350969230018845906e+02 4.319476883238972391e+02
7.381592945914078996e+01 -4.885832482322958299e+02 3.680462390717077596e+02
1.578152042944887228e+02 -5.446631556570861221e+02 2.306610603395661201e+02
2.684919581039135323e+02 -5.369626726039136884e+02 1.009999357543644294e+02
2.971770629159226473e+02 -5.324477365058895657e+02 3.306047983135158574e+01
4.108899103747152139e+02 -4.359780843701601611e+02 -9.670698437725876317e+01
4.420897062869972274e+02 -3.922655542362348342e+02 -1.525393252794849843e+02
5.094394086674306550e+02 -2.335850129682730483e+02 -2.361246043021940579e+02
4.641271396140583647e+02 -1.884389296023126974e+02 -3.425469666465218097e+02
1.706673385884723189e+02 -1.668124722843335235e+02 -5.527429046987987249e+02
3.813266690035999318e+01 -8.065568599657285631e+01 -5.956003228328629575e+02
2.879713534506636563e+01 1.202450354698557078e+02 -5.906748287972046683e+02
2.850125931687668412e+01 1.530059107570023116e+02 -5.849006537247501001e+02
3.243348522085483410e+02 3.496542777136967928e+00 -5.184008902606067295e+02
4.594458866736180198e+02 -8.524271368878430621e+01 -3.966976197044366472e+02
